INSERT INTO `v3_produto_categoria` (`id`, `categoriadeproduto_id`, `produto_id`) VALUES
(314, 14, 662),
(315, 14, 663),
(316, 14, 669),
(410, 16, 587),
(411, 16, 588),
(412, 16, 594),
(618, 25, 1025),
(631, 26, 656),
(632, 26, 657),
(633, 26, 672),
(634, 26, 744),
(635, 26, 754),
(636, 26, 782),
(637, 26, 876),
(638, 26, 877),
(639, 26, 941),
(640, 26, 985),
(641, 26, 1058),
(642, 26, 1059),
(643, 26, 1061),
(749, 32, 725),
(750, 33, 981),
(751, 35, 806),
(752, 35, 807),
(754, 35, 809),
(758, 36, 576),
(759, 36, 609),
(761, 36, 707),
(762, 36, 836),
(763, 36, 837),
(765, 37, 574),
(766, 37, 902),
(767, 37, 903),
(768, 37, 904),
(773, 40, 784),
(774, 40, 834),
(775, 40, 835),
(842, 49, 578),
(859, 50, 668),
(861, 50, 697),
(862, 50, 709),
(865, 50, 907),
(866, 50, 935),
(867, 50, 964),
(868, 50, 965),
(869, 50, 978),
(871, 50, 1015),
(957, 55, 926),
(979, 56, 577),
(980, 56, 579),
(981, 56, 580),
(982, 56, 581),
(983, 56, 589),
(984, 56, 640),
(1011, 59, 599),
(1012, 59, 889),
(1013, 41, 562),
(1015, 41, 736),
(1017, 41, 1051),
(1018, 41, 1052),
(1019, 41, 1053),
(1020, 41, 1054),
(1022, 41, 795),
(1024, 60, 795),
(1025, 60, 1051),
(1026, 60, 1052),
(1027, 60, 1053),
(1028, 60, 1054),
(1212, 63, 595),
(1213, 63, 596),
(1214, 63, 597),
(1215, 63, 598),
(1216, 63, 838),
(1217, 63, 1019),
(1218, 63, 1020),
(1219, 64, 565),
(1220, 64, 566),
(1221, 64, 890),
(1222, 64, 891),
(1223, 65, 711),
(1224, 65, 712),
(1225, 65, 713),
(1226, 65, 714),
(1227, 65, 715),
(1228, 65, 716),
(1229, 65, 717),
(1230, 65, 718),
(1239, 65, 866),
(1240, 65, 867),
(1241, 65, 868),
(1242, 65, 869),
(1246, 65, 979),
(1398, 22, 616),
(1400, 22, 618),
(1401, 22, 619),
(1402, 22, 700),
(1403, 22, 701),
(1405, 22, 775),
(1460, 75, 1035),
(1586, 76, 979),
(1591, 69, 1009),
(1592, 69, 1010),
(1593, 69, 1011),
(1687, 79, 886),
(1688, 79, 887),
(1689, 80, 668),
(1691, 80, 697),
(1692, 80, 709),
(1695, 80, 907),
(1696, 80, 935),
(1697, 80, 964),
(1698, 80, 965),
(1699, 80, 978),
(1701, 80, 1015),
(1703, 10, 592),
(1704, 10, 593),
(1705, 10, 650),
(1706, 10, 684),
(1707, 10, 870),
(1708, 10, 871),
(1710, 10, 1055),
(1711, 10, 822),
(1837, 24, 1076),
(2321, 11, 604),
(2322, 11, 606),
(2323, 11, 607),
(2324, 11, 621),
(2325, 11, 622),
(2326, 11, 623),
(2327, 11, 624),
(2328, 11, 625),
(2329, 11, 626),
(2330, 11, 660),
(2331, 11, 703),
(2332, 11, 705),
(2333, 11, 706),
(2334, 11, 737),
(2335, 11, 738),
(2336, 11, 739),
(2337, 11, 740),
(2338, 11, 741),
(2339, 11, 742),
(2340, 11, 743),
(2341, 11, 781),
(2342, 11, 810),
(2343, 11, 811),
(2344, 11, 812),
(2345, 11, 813),
(2346, 11, 817),
(2347, 11, 818),
(2349, 11, 970),
(2350, 11, 992),
(2351, 11, 993),
(2352, 11, 994),
(2353, 11, 1107),
(3432, 12, 555),
(3433, 12, 556),
(3434, 12, 565),
(3435, 12, 566),
(3436, 12, 567),
(3437, 12, 600),
(3439, 12, 688),
(3441, 12, 710),
(3442, 12, 729),
(3444, 12, 791),
(3445, 12, 840),
(3446, 12, 841),
(3447, 12, 890),
(3448, 12, 891),
(3450, 12, 1155),
(3805, 23, 553),
(3806, 23, 572),
(3807, 23, 599),
(3810, 23, 845),
(3811, 23, 889),
(3814, 23, 1128),
(3815, 23, 1129),
(3816, 23, 1130),
(3817, 23, 1131),
(3818, 23, 1132),
(3819, 23, 1161),
(3820, 23, 1162),
(3821, 23, 1163),
(3822, 23, 1165),
(3823, 23, 1166),
(3824, 23, 1167),
(3825, 58, 553),
(3826, 58, 572),
(3829, 58, 845),
(3832, 58, 1128),
(3833, 58, 1129),
(3834, 58, 1130),
(3835, 58, 1131),
(3836, 58, 1132),
(3837, 58, 1161),
(3838, 58, 1162),
(3839, 58, 1163),
(3840, 58, 1165),
(3841, 58, 1166),
(3842, 58, 1167),
(4263, 46, 573),
(4265, 46, 674),
(4267, 46, 819),
(4268, 46, 820),
(4269, 46, 821),
(4271, 46, 921),
(4274, 46, 1178),
(4275, 30, 592),
(4276, 30, 593),
(4277, 30, 870),
(4278, 30, 871),
(4281, 48, 578),
(4282, 48, 650),
(4283, 48, 601),
(4284, 48, 840),
(4285, 48, 841),
(4286, 48, 979),
(4671, 43, 1191),
(4672, 43, 1040),
(4673, 43, 1041),
(4674, 43, 1042),
(4675, 43, 1043),
(4676, 21, 654),
(4677, 21, 749),
(4678, 21, 750),
(4679, 21, 791),
(4680, 21, 814),
(4681, 21, 846),
(4682, 21, 878),
(4683, 21, 908),
(4684, 21, 909),
(4685, 21, 1033),
(4686, 21, 1034),
(4687, 21, 1036),
(4688, 21, 1192),
(4689, 78, 654),
(4690, 78, 749),
(4691, 78, 750),
(4692, 78, 878),
(4693, 78, 1033),
(4694, 78, 1034),
(4695, 78, 1036),
(4696, 78, 1192),
(5166, 39, 1022),
(5167, 39, 1093),
(5168, 39, 1094),
(5169, 39, 1095),
(5170, 39, 1133),
(5171, 39, 1153),
(5172, 39, 1154),
(5173, 39, 1195),
(5174, 39, 1199),
(5175, 85, 595),
(5176, 85, 596),
(5177, 85, 597),
(5178, 85, 598),
(5179, 85, 819),
(5180, 85, 820),
(5181, 85, 821),
(5182, 85, 838),
(5183, 85, 1019),
(5184, 85, 1020),
(5185, 85, 1143),
(5186, 85, 1144),
(5187, 85, 1145),
(5188, 85, 1178),
(5189, 85, 1200),
(5190, 85, 1201),
(5191, 85, 1202),
(5367, 72, 872),
(5368, 72, 873),
(5369, 72, 874),
(5370, 72, 875),
(5373, 72, 926),
(5380, 72, 942),
(5381, 72, 943),
(5382, 72, 944),
(5383, 72, 945),
(5384, 72, 955),
(5385, 72, 956),
(5386, 72, 957),
(5387, 72, 1027),
(5389, 72, 1029),
(5390, 72, 1030),
(5391, 72, 1031),
(5392, 72, 1032),
(5393, 72, 1149),
(5394, 72, 1150),
(5395, 72, 1151),
(5396, 72, 1152),
(5397, 72, 1197),
(5398, 72, 1198),
(5399, 72, 1203),
(6049, 51, 797),
(6050, 51, 843),
(6051, 51, 831),
(6052, 51, 1211),
(6053, 51, 1212),
(6054, 51, 1215),
(6055, 51, 1157),
(6197, 29, 613),
(6198, 29, 761),
(6199, 29, 1023),
(6200, 29, 1024),
(7486, 7, 644),
(7487, 7, 645),
(7488, 7, 797),
(7489, 7, 831),
(7490, 7, 843),
(7491, 7, 1211),
(7492, 7, 1212),
(7493, 7, 1213),
(7494, 7, 1214),
(7495, 7, 1215),
(7496, 7, 1157),
(7497, 7, 1239),
(8103, 17, 539),
(8104, 17, 546),
(8105, 17, 563),
(8106, 17, 577),
(8107, 17, 579),
(8108, 17, 580),
(8109, 17, 581),
(8110, 17, 589),
(8112, 17, 640),
(8113, 17, 651),
(8114, 17, 652),
(8115, 17, 666),
(8116, 17, 844),
(8117, 17, 850),
(8118, 17, 949),
(8120, 17, 962),
(8121, 17, 1046),
(8122, 17, 1047),
(8123, 17, 1048),
(8124, 17, 1049),
(8125, 17, 1242),
(8126, 17, 1243),
(8127, 57, 539),
(8128, 57, 546),
(8129, 57, 563),
(8131, 57, 651),
(8132, 57, 652),
(8133, 57, 666),
(8134, 57, 844),
(8135, 57, 850),
(8136, 57, 949),
(8138, 57, 962),
(8139, 57, 1046),
(8140, 57, 1047),
(8141, 57, 1048),
(8142, 57, 1049),
(8143, 57, 1242),
(8144, 57, 1243),
(8474, 6, 578),
(8475, 6, 668),
(8477, 6, 697),
(8478, 6, 709),
(8481, 6, 907),
(8482, 6, 935),
(8483, 6, 964),
(8484, 6, 965),
(8485, 6, 978),
(8487, 6, 1015),
(8575, 61, 595),
(8576, 61, 596),
(8577, 61, 597),
(8578, 61, 598),
(8579, 61, 711),
(8580, 61, 712),
(8581, 61, 713),
(8582, 61, 714),
(8583, 61, 715),
(8584, 61, 716),
(8585, 61, 717),
(8586, 61, 718),
(8587, 61, 866),
(8588, 61, 867),
(8589, 61, 868),
(8590, 61, 869),
(8591, 61, 887),
(8593, 61, 886),
(8629, 52, 644),
(8630, 52, 645),
(8631, 52, 1213),
(8632, 52, 1214),
(8633, 52, 1239),
(8634, 62, 771),
(8635, 62, 691),
(8636, 62, 692),
(8637, 62, 693),
(8638, 62, 694),
(8639, 62, 858),
(8642, 62, 1248),
(8701, 68, 636),
(8702, 68, 792),
(8703, 68, 793),
(8704, 68, 796),
(8705, 68, 1252),
(8706, 68, 1253),
(8707, 68, 923),
(8708, 68, 971),
(8709, 68, 972),
(8710, 68, 973),
(8861, 87, 1257),
(8862, 87, 1258),
(9815, 67, 658),
(9816, 67, 659),
(9817, 67, 787),
(9818, 67, 803),
(9819, 67, 804),
(9820, 67, 805),
(9821, 67, 847),
(9822, 67, 848),
(9823, 67, 849),
(9825, 67, 888),
(9826, 67, 995),
(9829, 67, 1096),
(9830, 67, 1196),
(9831, 67, 1270),
(9832, 38, 1050),
(9833, 38, 1072),
(9834, 38, 1099),
(9835, 38, 1100),
(9836, 38, 1101),
(9837, 38, 1102),
(9838, 38, 1115),
(9839, 38, 1120),
(9840, 38, 1121),
(9841, 38, 1122),
(9842, 38, 1123),
(9843, 38, 1124),
(9844, 38, 1125),
(9845, 38, 1126),
(9846, 38, 1127),
(9847, 38, 1116),
(9848, 38, 1146),
(9849, 38, 1147),
(9850, 38, 1148),
(9851, 38, 1164),
(9852, 38, 1225),
(9853, 38, 1226),
(9854, 38, 1227),
(9855, 38, 1228),
(9856, 38, 1229),
(9857, 38, 1273),
(9858, 38, 1274),
(9859, 20, 686),
(9860, 20, 687),
(9861, 20, 724),
(9862, 20, 758),
(9863, 20, 759),
(9864, 20, 1004),
(9865, 20, 1005),
(9866, 20, 1006),
(9867, 20, 1275),
(9868, 20, 1276),
(9869, 20, 1277),
(9926, 27, 573),
(9927, 27, 674),
(9929, 27, 747),
(9930, 27, 748),
(9931, 27, 788),
(9932, 27, 789),
(9933, 27, 790),
(9934, 27, 801),
(9935, 27, 802),
(9936, 27, 819),
(9937, 27, 820),
(9938, 27, 821),
(9939, 27, 826),
(9940, 27, 921),
(9941, 27, 934),
(9942, 27, 951),
(9944, 27, 1070),
(9945, 27, 1071),
(9946, 27, 1080),
(9947, 27, 1083),
(9948, 27, 1084),
(9949, 27, 1178),
(9950, 27, 1209),
(9951, 27, 1210),
(9952, 27, 1256),
(9953, 27, 1255),
(9954, 27, 1279),
(9955, 27, 1280),
(10390, 45, 562),
(10391, 45, 576),
(10392, 45, 601),
(10393, 45, 602),
(10394, 45, 608),
(10395, 45, 609),
(10396, 45, 611),
(10397, 45, 707),
(10398, 45, 757),
(10399, 45, 785),
(10400, 45, 822),
(10401, 45, 836),
(10402, 45, 837),
(10404, 45, 638),
(10405, 19, 641),
(10406, 19, 730),
(10407, 19, 732),
(10408, 19, 745),
(10409, 19, 756),
(10410, 19, 769),
(10411, 19, 778),
(10412, 19, 779),
(10413, 19, 780),
(10414, 19, 814),
(10415, 19, 827),
(10416, 19, 846),
(10417, 19, 908),
(10418, 19, 909),
(10419, 19, 855),
(10420, 19, 856),
(10421, 19, 857),
(10422, 19, 910),
(10423, 19, 939),
(10424, 19, 940),
(10425, 19, 963),
(10426, 19, 983),
(10427, 19, 984),
(10428, 19, 998),
(10429, 19, 999),
(10430, 19, 1000),
(10431, 19, 1056),
(10432, 19, 1057),
(10433, 19, 1060),
(10434, 19, 1077),
(10435, 19, 1118),
(10436, 19, 1119),
(10437, 19, 1142),
(10438, 19, 1156),
(10439, 19, 1233),
(10440, 19, 1234),
(10441, 19, 1235),
(10442, 19, 1278),
(10443, 19, 1296),
(12212, 28, 601),
(12213, 28, 636),
(12214, 28, 658),
(12215, 28, 659),
(12216, 28, 711),
(12217, 28, 712),
(12218, 28, 713),
(12219, 28, 714),
(12220, 28, 715),
(12221, 28, 716),
(12222, 28, 717),
(12223, 28, 718),
(12224, 28, 726),
(12225, 28, 727),
(12226, 28, 728),
(12227, 28, 733),
(12228, 28, 787),
(12229, 28, 792),
(12230, 28, 793),
(12231, 28, 796),
(12232, 28, 1252),
(12233, 28, 1253),
(12234, 28, 803),
(12235, 28, 804),
(12236, 28, 805),
(12237, 28, 847),
(12238, 28, 848),
(12239, 28, 849),
(12240, 28, 860),
(12241, 28, 861),
(12242, 28, 862),
(12243, 28, 863),
(12244, 28, 866),
(12245, 28, 867),
(12246, 28, 868),
(12247, 28, 869),
(12248, 28, 888),
(12249, 28, 923),
(12250, 28, 971),
(12251, 28, 972),
(12252, 28, 973),
(12253, 28, 995),
(12254, 28, 1009),
(12255, 28, 1010),
(12256, 28, 1011),
(12257, 28, 1062),
(12258, 28, 1063),
(12259, 28, 1064),
(12260, 28, 1073),
(12261, 28, 1074),
(12262, 28, 1075),
(12263, 28, 1096),
(12264, 28, 1196),
(12265, 28, 1308),
(12266, 28, 1309),
(12267, 28, 1310),
(12268, 28, 1316),
(12269, 28, 1317),
(12270, 28, 1318),
(12271, 28, 1326),
(12272, 28, 1327),
(12273, 28, 1328),
(12274, 70, 601),
(12275, 70, 726),
(12276, 70, 727),
(12277, 70, 728),
(12278, 70, 733),
(12279, 70, 860),
(12280, 70, 861),
(12281, 70, 862),
(12282, 70, 863),
(12283, 70, 866),
(12284, 70, 867),
(12285, 70, 868),
(12286, 70, 869),
(12287, 70, 1062),
(12288, 70, 1063),
(12289, 70, 1064),
(12290, 70, 1073),
(12291, 70, 1074),
(12292, 70, 1075),
(12293, 70, 1009),
(12294, 70, 1010),
(12295, 70, 1011),
(12296, 70, 1308),
(12297, 70, 1309),
(12298, 70, 1310),
(12299, 70, 1316),
(12300, 70, 1317),
(12301, 70, 1318),
(12302, 70, 1326),
(12303, 70, 1327),
(12304, 70, 1328),
(13125, 13, 590),
(13126, 13, 627),
(13127, 13, 628),
(13128, 13, 629),
(13129, 13, 630),
(13130, 13, 631),
(13131, 13, 632),
(13132, 13, 633),
(13133, 13, 634),
(13134, 13, 635),
(13135, 13, 653),
(13136, 13, 662),
(13137, 13, 663),
(13138, 13, 669),
(13139, 13, 670),
(13140, 13, 675),
(13141, 13, 676),
(13142, 13, 677),
(13143, 13, 678),
(13144, 13, 679),
(13145, 13, 680),
(13146, 13, 681),
(13148, 13, 708),
(13149, 13, 772),
(13150, 13, 773),
(13151, 13, 774),
(13152, 13, 783),
(13153, 13, 872),
(13154, 13, 873),
(13155, 13, 874),
(13156, 13, 875),
(13157, 13, 879),
(13158, 13, 881),
(13159, 13, 882),
(13161, 13, 926),
(13162, 13, 942),
(13163, 13, 943),
(13164, 13, 944),
(13165, 13, 945),
(13166, 13, 946),
(13167, 13, 947),
(13168, 13, 948),
(13169, 13, 955),
(13170, 13, 956),
(13171, 13, 957),
(13172, 13, 986),
(13173, 13, 987),
(13174, 13, 988),
(13175, 13, 989),
(13176, 13, 990),
(13177, 13, 991),
(13178, 13, 1027),
(13180, 13, 1029),
(13181, 13, 1030),
(13182, 13, 1031),
(13183, 13, 1032),
(13184, 13, 1177),
(13185, 13, 1066),
(13186, 13, 1067),
(13187, 13, 1068),
(13188, 13, 1069),
(13189, 13, 1109),
(13190, 13, 1110),
(13191, 13, 1117),
(13192, 13, 1111),
(13193, 13, 1112),
(13194, 13, 1113),
(13195, 13, 1114),
(13196, 13, 1149),
(13197, 13, 1150),
(13198, 13, 1151),
(13199, 13, 1152),
(13200, 13, 1158),
(13201, 13, 1159),
(13202, 13, 1160),
(13203, 13, 1183),
(13204, 13, 1197),
(13205, 13, 1198),
(13206, 13, 1203),
(13207, 13, 1204),
(13208, 13, 1205),
(13209, 13, 1206),
(13210, 13, 1207),
(13211, 13, 1208),
(13212, 13, 1216),
(13213, 13, 1217),
(13214, 13, 1218),
(13215, 13, 1221),
(13216, 13, 1222),
(13217, 13, 1223),
(13218, 13, 1224),
(13219, 13, 1236),
(13220, 13, 1237),
(13221, 13, 1238),
(13222, 13, 1240),
(13223, 13, 1244),
(13224, 13, 1260),
(13225, 13, 1261),
(13226, 13, 1262),
(13227, 13, 1268),
(13228, 13, 1269),
(13229, 13, 1281),
(13230, 13, 1282),
(13231, 13, 1285),
(13232, 13, 1286),
(13233, 13, 1287),
(13234, 13, 1288),
(13235, 13, 1289),
(13236, 13, 1290),
(13237, 13, 1297),
(13238, 13, 1298),
(13239, 13, 1299),
(13240, 13, 1300),
(13241, 13, 1301),
(13242, 13, 1302),
(13243, 13, 1303),
(13244, 13, 1311),
(13245, 13, 1312),
(13246, 13, 1313),
(13247, 13, 1314),
(13248, 13, 1315),
(13249, 13, 1319),
(13250, 13, 1320),
(13251, 13, 1321),
(13252, 13, 1322),
(13253, 13, 1323),
(13254, 13, 1324),
(13255, 13, 1325),
(13256, 13, 1329),
(13257, 13, 1330),
(13258, 13, 1331),
(13259, 13, 1332),
(13260, 13, 1333),
(13261, 13, 1334),
(13262, 13, 1335),
(13263, 13, 1336),
(13264, 13, 1337),
(13265, 13, 1338),
(13266, 13, 1341),
(13267, 13, 1343),
(13268, 13, 1342),
(13269, 13, 1344),
(13270, 53, 627),
(13271, 53, 628),
(13272, 53, 629),
(13273, 53, 630),
(13274, 53, 631),
(13275, 53, 632),
(13276, 53, 633),
(13277, 53, 634),
(13278, 53, 635),
(13279, 53, 675),
(13280, 53, 676),
(13281, 53, 677),
(13282, 53, 678),
(13283, 53, 679),
(13284, 53, 680),
(13285, 53, 681),
(13287, 53, 708),
(13288, 53, 772),
(13289, 53, 773),
(13290, 53, 774),
(13291, 53, 872),
(13292, 53, 873),
(13293, 53, 874),
(13294, 53, 875),
(13295, 53, 879),
(13296, 53, 881),
(13297, 53, 882),
(13299, 53, 926),
(13300, 53, 942),
(13301, 53, 943),
(13302, 53, 944),
(13303, 53, 945),
(13304, 53, 955),
(13305, 53, 956),
(13306, 53, 957),
(13307, 53, 986),
(13308, 53, 987),
(13309, 53, 988),
(13310, 53, 989),
(13311, 53, 990),
(13312, 53, 991),
(13313, 53, 1027),
(13315, 53, 1029),
(13316, 53, 1030),
(13317, 53, 1031),
(13318, 53, 1032),
(13319, 53, 590),
(13320, 53, 653),
(13321, 53, 670),
(13322, 53, 783),
(13323, 53, 946),
(13324, 53, 947),
(13325, 53, 948),
(13326, 53, 1177),
(13327, 53, 1066),
(13328, 53, 1067),
(13329, 53, 1068),
(13330, 53, 1109),
(13331, 53, 1110),
(13332, 53, 1069),
(13333, 53, 1117),
(13334, 53, 1111),
(13335, 53, 1112),
(13336, 53, 1113),
(13337, 53, 1114),
(13338, 53, 1149),
(13339, 53, 1150),
(13340, 53, 1151),
(13341, 53, 1152),
(13342, 53, 1158),
(13343, 53, 1159),
(13344, 53, 1160),
(13345, 53, 1183),
(13346, 53, 1197),
(13347, 53, 1198),
(13348, 53, 1203),
(13349, 53, 1204),
(13350, 53, 1205),
(13351, 53, 1206),
(13352, 53, 1207),
(13353, 53, 1208),
(13354, 53, 1216),
(13355, 53, 1217),
(13356, 53, 1218),
(13357, 53, 1221),
(13358, 53, 1222),
(13359, 53, 1223),
(13360, 53, 1224),
(13361, 53, 1236),
(13362, 53, 1237),
(13363, 53, 1238),
(13364, 53, 1240),
(13365, 53, 1244),
(13366, 53, 1260),
(13367, 53, 1261),
(13368, 53, 1262),
(13369, 53, 1268),
(13370, 53, 1269),
(13371, 53, 1281),
(13372, 53, 1282),
(13373, 53, 1285),
(13374, 53, 1286),
(13375, 53, 1287),
(13376, 53, 1288),
(13377, 53, 1289),
(13378, 53, 1290),
(13379, 53, 1297),
(13380, 53, 1298),
(13381, 53, 1299),
(13382, 53, 1300),
(13383, 53, 1301),
(13384, 53, 1302),
(13385, 53, 1303),
(13386, 53, 1311),
(13387, 53, 1312),
(13388, 53, 1313),
(13389, 53, 1314),
(13390, 53, 1315),
(13391, 53, 1319),
(13392, 53, 1320),
(13393, 53, 1321),
(13394, 53, 1322),
(13395, 53, 1323),
(13396, 53, 1324),
(13397, 53, 1325),
(13398, 53, 1329),
(13399, 53, 1330),
(13400, 53, 1331),
(13401, 53, 1332),
(13402, 53, 1333),
(13403, 53, 1334),
(13404, 53, 1335),
(13405, 53, 1336),
(13406, 53, 1337),
(13407, 53, 1338),
(13408, 53, 1341),
(13409, 53, 1343),
(13410, 53, 1342),
(13411, 53, 1344),
(13412, 71, 627),
(13413, 71, 628),
(13414, 71, 629),
(13415, 71, 630),
(13416, 71, 631),
(13417, 71, 632),
(13418, 71, 633),
(13419, 71, 634),
(13420, 71, 635),
(13421, 71, 675),
(13422, 71, 676),
(13423, 71, 677),
(13424, 71, 678),
(13425, 71, 679),
(13426, 71, 680),
(13427, 71, 681),
(13429, 71, 708),
(13430, 71, 772),
(13431, 71, 773),
(13432, 71, 774),
(13433, 71, 879),
(13434, 71, 881),
(13435, 71, 882),
(13436, 71, 986),
(13437, 71, 987),
(13438, 71, 988),
(13439, 71, 989),
(13440, 71, 990),
(13441, 71, 991),
(13442, 71, 590),
(13443, 71, 653),
(13444, 71, 670),
(13445, 71, 783),
(13446, 71, 946),
(13447, 71, 947),
(13448, 71, 948),
(13449, 71, 1177),
(13450, 71, 1066),
(13451, 71, 1067),
(13452, 71, 1109),
(13453, 71, 1110),
(13454, 71, 1068),
(13455, 71, 1069),
(13456, 71, 1117),
(13457, 71, 1111),
(13458, 71, 1112),
(13459, 71, 1113),
(13460, 71, 1114),
(13461, 71, 1158),
(13462, 71, 1159),
(13463, 71, 1160),
(13464, 71, 1183),
(13465, 71, 1204),
(13466, 71, 1205),
(13467, 71, 1206),
(13468, 71, 1207),
(13469, 71, 1208),
(13470, 71, 1216),
(13471, 71, 1217),
(13472, 71, 1218),
(13473, 71, 1221),
(13474, 71, 1222),
(13475, 71, 1223),
(13476, 71, 1224),
(13477, 71, 1236),
(13478, 71, 1237),
(13479, 71, 1238),
(13480, 71, 1240),
(13481, 71, 1244),
(13482, 71, 1260),
(13483, 71, 1261),
(13484, 71, 1262),
(13485, 71, 1268),
(13486, 71, 1269),
(13487, 71, 1281),
(13488, 71, 1282),
(13489, 71, 1285),
(13490, 71, 1286),
(13491, 71, 1287),
(13492, 71, 1288),
(13493, 71, 1289),
(13494, 71, 1290),
(13495, 71, 1297),
(13496, 71, 1298),
(13497, 71, 1299),
(13498, 71, 1300),
(13499, 71, 1301),
(13500, 71, 1302),
(13501, 71, 1303),
(13502, 71, 1311),
(13503, 71, 1312),
(13504, 71, 1313),
(13505, 71, 1314),
(13506, 71, 1315),
(13507, 71, 1319),
(13508, 71, 1320),
(13509, 71, 1321),
(13510, 71, 1322),
(13511, 71, 1323),
(13512, 71, 1324),
(13513, 71, 1325),
(13514, 71, 1329),
(13515, 71, 1330),
(13516, 71, 1331),
(13517, 71, 1332),
(13518, 71, 1333),
(13519, 71, 1334),
(13520, 71, 1335),
(13521, 71, 1336),
(13522, 71, 1337),
(13523, 71, 1338),
(13524, 71, 1341),
(13525, 71, 1343),
(13526, 71, 1342),
(13527, 71, 1344),
(13532, 9, 549),
(13533, 9, 550),
(13534, 9, 648),
(13535, 9, 649),
(13536, 9, 722),
(13537, 9, 723),
(13538, 9, 799),
(13539, 9, 800),
(13540, 9, 851),
(13541, 9, 852),
(13542, 9, 853),
(13543, 9, 854),
(13544, 9, 894),
(13545, 9, 895),
(13546, 9, 896),
(13547, 9, 897),
(13548, 9, 898),
(13549, 9, 899),
(13550, 9, 901),
(13551, 9, 966),
(13552, 9, 967),
(13553, 9, 968),
(13554, 9, 969),
(13555, 9, 1016),
(13556, 9, 1017),
(13557, 9, 1103),
(13558, 9, 1104),
(13559, 9, 1105),
(13560, 9, 1106),
(13561, 9, 1134),
(13562, 9, 1135),
(13563, 9, 1136),
(13564, 9, 1137),
(13565, 9, 1138),
(13566, 9, 1139),
(13567, 9, 1140),
(13568, 9, 1141),
(13569, 9, 1263),
(13570, 9, 1264),
(13571, 9, 1304),
(13572, 9, 1305),
(13573, 9, 1306),
(13574, 9, 1307),
(13575, 9, 1346),
(13576, 9, 1345),
(13577, 84, 1136),
(13578, 84, 1137),
(13579, 84, 1138),
(13580, 84, 1139),
(13581, 84, 1140),
(13582, 84, 1141),
(13583, 84, 1184),
(13584, 84, 1185),
(13585, 84, 1186),
(13586, 84, 1193),
(13587, 84, 1194),
(13588, 84, 1187),
(13589, 84, 1188),
(13590, 84, 1189),
(13591, 84, 1190),
(13592, 84, 1263),
(13593, 84, 1264),
(13594, 84, 1304),
(13595, 84, 1305),
(13596, 84, 1306),
(13597, 84, 1307),
(13598, 84, 1346),
(13599, 84, 1345),
(13602, 42, 698),
(13603, 42, 699),
(13604, 42, 1347),
(13616, 82, 817),
(13617, 82, 818),
(13618, 82, 1107),
(13619, 82, 1265),
(13620, 82, 1266),
(13621, 82, 1267),
(13622, 82, 1291),
(13623, 82, 1292),
(13624, 82, 1293),
(13625, 82, 1294),
(13626, 82, 1348),
(13627, 82, 1349),
(13630, 15, 540),
(13631, 15, 541),
(13632, 15, 542),
(13633, 15, 543),
(13634, 15, 544),
(13635, 15, 545),
(13636, 15, 566),
(13637, 15, 583),
(13638, 15, 584),
(13639, 15, 585),
(13640, 15, 595),
(13641, 15, 596),
(13642, 15, 597),
(13643, 15, 598),
(13644, 15, 664),
(13645, 15, 665),
(13646, 15, 691),
(13647, 15, 692),
(13648, 15, 693),
(13649, 15, 694),
(13650, 15, 711),
(13651, 15, 712),
(13652, 15, 713),
(13653, 15, 714),
(13654, 15, 715),
(13655, 15, 716),
(13656, 15, 717),
(13657, 15, 718),
(13658, 15, 771),
(13659, 15, 795),
(13660, 15, 825),
(13661, 15, 838),
(13662, 15, 858),
(13663, 15, 866),
(13664, 15, 867),
(13665, 15, 868),
(13666, 15, 869),
(13667, 15, 886),
(13668, 15, 887),
(13669, 15, 890),
(13670, 15, 891),
(13671, 15, 893),
(13672, 15, 953),
(13673, 15, 979),
(13674, 15, 997),
(13675, 15, 1019),
(13676, 15, 1020),
(13677, 15, 1035),
(13678, 15, 1044),
(13679, 15, 1045),
(13680, 15, 1050),
(13681, 15, 1051),
(13682, 15, 1052),
(13683, 15, 1053),
(13684, 15, 1054),
(13685, 15, 616),
(13686, 15, 618),
(13687, 15, 619),
(13688, 15, 700),
(13689, 15, 701),
(13690, 15, 775),
(13691, 15, 1248),
(13692, 15, 1251),
(13693, 15, 1350),
(13694, 15, 1351),
(13695, 15, 1352),
(13696, 15, 1354),
(13697, 15, 1355),
(13698, 73, 540),
(13699, 73, 541),
(13700, 73, 542),
(13701, 73, 543),
(13702, 73, 544),
(13703, 73, 545),
(13704, 73, 566),
(13705, 73, 664),
(13706, 73, 665),
(13707, 73, 691),
(13708, 73, 692),
(13709, 73, 693),
(13710, 73, 694),
(13711, 73, 771),
(13712, 73, 858),
(13713, 73, 890),
(13714, 73, 891),
(13715, 73, 893),
(13716, 73, 953),
(13717, 73, 997),
(13718, 73, 1019),
(13719, 73, 1020),
(13720, 73, 1050),
(13721, 73, 1248),
(13722, 73, 1251),
(13723, 73, 1350),
(13724, 73, 1351),
(13725, 73, 1352),
(13726, 73, 1354),
(13727, 73, 1355),
(13728, 74, 583),
(13729, 74, 584),
(13730, 74, 585),
(13731, 74, 997),
(13732, 74, 1035),
(13733, 74, 1044),
(13734, 74, 1045),
(13735, 74, 1350),
(13736, 74, 1351),
(13737, 74, 1352),
(13738, 74, 1354),
(13739, 74, 1355),
(13740, 4, 586),
(13741, 4, 600),
(13742, 4, 688),
(13743, 4, 839),
(13744, 4, 1096),
(13745, 4, 1097),
(13746, 4, 1098),
(13747, 4, 1085),
(13748, 4, 995),
(13749, 4, 996),
(13750, 4, 1037),
(13751, 4, 1065),
(13752, 4, 1230),
(13753, 4, 1231),
(13754, 4, 1254),
(13755, 4, 1271),
(13756, 4, 1272),
(13757, 4, 1353),
(13758, 18, 555),
(13759, 18, 556),
(13760, 18, 565),
(13761, 18, 566),
(13762, 18, 567),
(13763, 18, 586),
(13764, 18, 600),
(13765, 18, 658),
(13766, 18, 659),
(13767, 18, 685),
(13768, 18, 688),
(13769, 18, 710),
(13770, 18, 719),
(13771, 18, 729),
(13772, 18, 753),
(13773, 18, 776),
(13774, 18, 787),
(13775, 18, 791),
(13776, 18, 803),
(13777, 18, 804),
(13778, 18, 805),
(13779, 18, 839),
(13780, 18, 840),
(13781, 18, 841),
(13782, 18, 847),
(13783, 18, 848),
(13784, 18, 849),
(13785, 18, 886),
(13786, 18, 887),
(13787, 18, 888),
(13788, 18, 890),
(13789, 18, 891),
(13790, 18, 936),
(13791, 18, 937),
(13792, 18, 938),
(13793, 18, 995),
(13794, 18, 996),
(13795, 18, 1037),
(13796, 18, 1038),
(13797, 18, 1065),
(13798, 18, 1085),
(13799, 18, 1086),
(13800, 18, 1090),
(13801, 18, 1091),
(13802, 18, 1092),
(13803, 18, 1096),
(13804, 18, 1097),
(13805, 18, 1098),
(13806, 18, 1196),
(13807, 18, 1230),
(13808, 18, 1231),
(13809, 18, 1232),
(13810, 18, 1254),
(13811, 18, 1259),
(13812, 18, 1271),
(13813, 18, 1272),
(13814, 18, 1270),
(13815, 18, 1353),
(13816, 66, 586),
(13817, 66, 658),
(13818, 66, 659),
(13819, 66, 685),
(13820, 66, 719),
(13821, 66, 753),
(13822, 66, 776),
(13823, 66, 787),
(13824, 66, 803),
(13825, 66, 804),
(13826, 66, 805),
(13827, 66, 839),
(13828, 66, 847),
(13829, 66, 848),
(13830, 66, 849),
(13831, 66, 886),
(13832, 66, 887),
(13833, 66, 888),
(13834, 66, 936),
(13835, 66, 937),
(13836, 66, 938),
(13837, 66, 995),
(13838, 66, 996),
(13839, 66, 1037),
(13840, 66, 1038),
(13841, 66, 1065),
(13842, 66, 1085),
(13843, 66, 1086),
(13844, 66, 1090),
(13845, 66, 1091),
(13846, 66, 1092),
(13847, 66, 1096),
(13848, 66, 1097),
(13849, 66, 1098),
(13850, 66, 1196),
(13851, 66, 1230),
(13852, 66, 1231),
(13853, 66, 1232),
(13854, 66, 1254),
(13855, 66, 1259),
(13856, 66, 1271),
(13857, 66, 1272),
(13858, 66, 1270),
(13859, 66, 1353),
(13860, 83, 1350),
(13861, 83, 1351),
(13862, 83, 1352),
(13863, 83, 1353),
(13864, 83, 1354),
(13865, 83, 1355);
